
╔════════════════════════════════════════╗
║              PREDICTIONS               ║
╚════════════════════════════════════════╝
Predicted score for user 2 and item 22: 4.53749
Predicted score for user 1 and item 21: 1.649
Predicted score for user 1 and item 4: 3.18936
Predicted score for user 3 and item 0: 1.63562
Predicted score for user 3 and item 8: 2.91273
Predicted score for user 4 and item 9: 0.872329
Predicted score for user 4 and item 22: 2.53925
Predicted score for user 5 and item 15: 2.00744
Predicted score for user 5 and item 12: 1.69254
Predicted score for user 0 and item 18: 2.40978
Predicted score for user 0 and item 11: 2.50587
Predicted score for user 0 and item 20: 2.14583
Predicted score for user 6 and item 3: 2.72537
Predicted score for user 6 and item 20: 2.8574
Predicted score for user 6 and item 23: 1.68187
Predicted score for user 6 and item 8: 4.48751
Predicted score for user 7 and item 2: 3.33618
Predicted score for user 7 and item 17: 1.19171
Predicted score for user 7 and item 13: 1.22175
Predicted score for user 7 and item 23: 1.27873
Predicted score for user 7 and item 22: 2.29951


╔════════════════════════════════════════╗
║              INPUT DATA                ║
╚════════════════════════════════════════╝
Metric: Pearson Correlation
Prediction Type: Mean Difference Prediction
Number of Neighbors: 5


╔════════════════════════════════════════╗
║            ORIGINAL MATRIX             ║
╚════════════════════════════════════════╝
User 0: 0.817 4.612 4.488 1.314 2.960 4.479 0.030 4.365 3.481 1.302 1.083 - 0.345 3.400 4.248 2.752 3.280 0.331 - 4.192 - 0.276 1.571 0.325 1.325 
User 1: 3.308 4.717 1.194 1.021 - 4.402 1.496 3.312 3.087 2.654 3.483 4.746 2.796 0.251 2.707 2.264 2.434 3.258 0.420 3.331 3.178 - 3.966 1.257 2.844 
User 2: 1.821 1.270 3.598 3.148 4.252 4.392 4.401 0.563 0.576 4.906 2.427 3.112 3.207 2.352 2.169 2.445 4.854 0.887 2.068 3.149 4.573 0.612 - 1.224 4.779 
User 3: - 4.438 3.795 3.182 4.228 1.990 4.016 4.785 - 4.846 4.265 0.286 0.027 1.184 2.465 4.499 1.400 0.760 0.416 2.016 2.929 3.858 1.505 1.338 0.470 
User 4: 0.745 3.370 3.161 2.226 0.093 2.676 1.556 2.692 4.112 - 0.677 1.666 2.722 1.755 1.913 3.179 0.482 3.090 4.482 4.905 1.102 3.110 - 2.488 3.431 
User 5: 1.029 3.955 3.380 3.112 1.909 0.861 0.325 0.439 3.962 1.468 3.225 1.576 - 4.638 2.110 - 2.286 2.822 0.995 4.053 1.990 0.264 4.695 0.623 0.093 
User 6: 3.382 4.707 3.983 - 2.839 3.885 0.071 3.028 - 0.552 4.144 4.405 2.946 3.922 4.991 2.844 1.952 2.701 4.955 3.552 - 1.539 2.734 - 3.058 
User 7: 0.970 4.336 - 4.465 3.686 1.824 2.207 1.236 1.945 4.770 1.253 4.387 0.519 - 4.725 4.398 2.248 - 0.053 0.420 0.360 4.077 - - 4.037 
User 8: 1.442 0.057 1.376 2.513 4.237 3.603 2.345 3.406 1.726 4.744 3.277 4.496 4.603 1.837 2.595 1.091 4.217 1.545 4.899 1.314 0.227 0.134 4.661 2.890 1.961 
User 9: 3.677 1.180 2.994 2.593 4.034 2.119 4.179 0.499 4.041 3.824 4.279 0.454 3.606 3.926 2.431 1.462 1.057 1.158 4.679 2.647 4.514 2.531 4.003 1.762 0.334 


╔════════════════════════════════════════╗
║          SIMILARITIES MATRIX           ║
╚════════════════════════════════════════╝
User 0:   1.0000   0.2128   0.0123   0.2158   0.2222   0.3709   0.5945   0.0119  -0.1178  -0.2322 
User 1:   0.2128   1.0000  -0.0453   0.0579  -0.0628   0.0498   0.1381   0.0764  -0.0183  -0.3373 
User 2:   0.0123  -0.0453   1.0000  -0.0454  -0.3703  -0.1391  -0.3345   0.0542   0.3301   0.1440 
User 3:   0.2158   0.0579  -0.0454   1.0000  -0.2039  -0.0308  -0.3038   0.2997  -0.3052   0.1335 
User 4:   0.2222  -0.0628  -0.3703  -0.2039   1.0000   0.1281   0.2153  -0.0891  -0.2411  -0.1732 
User 5:   0.3709   0.0498  -0.1391  -0.0308   0.1281   1.0000   0.3391  -0.0344  -0.1457   0.2483 
User 6:   0.5945   0.1381  -0.3345  -0.3038   0.2153   0.3391   1.0000  -0.1457  -0.0492  -0.1156 
User 7:   0.0119   0.0764   0.0542   0.2997  -0.0891  -0.0344  -0.1457   1.0000  -0.0902  -0.4482 
User 8:  -0.1178  -0.0183   0.3301  -0.3052  -0.2411  -0.1457  -0.0492  -0.0902   1.0000   0.1200 
User 9:  -0.2322  -0.3373   0.1440   0.1335  -0.1732   0.2483  -0.1156  -0.4482   0.1200   1.0000 

╔════════════════════════════════════════╗
║        CHOSEN NEIGHBORS PER USER       ║
╚════════════════════════════════════════╝
User 0: [ 1, 6, 3, 4, 5 ]
User 1: [ 0, 7, 3, 6, 5 ]
User 2: [ 0, 9, 7, 8 ]
User 3: [ 0, 1, 9, 7 ]
User 4: [ 0, 6, 5 ]
User 5: [ 0, 1, 6, 9, 4 ]
User 6: [ 0, 1, 5, 4 ]
User 7: [ 0, 1, 2, 3 ]
User 8: [ 9, 2 ]
User 9: [ 5, 2, 3, 8 ]

╔════════════════════════════════════════╗
║      MATRIX WITH PREDICTED RATINGS     ║
╚════════════════════════════════════════╝
User 0: 0.817 4.612 4.488 1.314 2.960 4.479 0.030 4.365 3.481 1.302 1.083 2.505867 0.345 3.400 4.248 2.752 3.280 0.331 2.409775 4.192 2.145828 0.276 1.571 0.325 1.325 
User 1: 3.308 4.717 1.194 1.021 3.189363 4.402 1.496 3.312 3.087 2.654 3.483 4.746 2.796 0.251 2.707 2.264 2.434 3.258 0.420 3.331 3.178 1.648999 3.966 1.257 2.844 
User 2: 1.821 1.270 3.598 3.148 4.252 4.392 4.401 0.563 0.576 4.906 2.427 3.112 3.207 2.352 2.169 2.445 4.854 0.887 2.068 3.149 4.573 0.612 4.537490 1.224 4.779 
User 3: 1.635615 4.438 3.795 3.182 4.228 1.990 4.016 4.785 2.912726 4.846 4.265 0.286 0.027 1.184 2.465 4.499 1.400 0.760 0.416 2.016 2.929 3.858 1.505 1.338 0.470 
User 4: 0.745 3.370 3.161 2.226 0.093 2.676 1.556 2.692 4.112 0.872329 0.677 1.666 2.722 1.755 1.913 3.179 0.482 3.090 4.482 4.905 1.102 3.110 2.539247 2.488 3.431 
User 5: 1.029 3.955 3.380 3.112 1.909 0.861 0.325 0.439 3.962 1.468 3.225 1.576 1.692536 4.638 2.110 2.007437 2.286 2.822 0.995 4.053 1.990 0.264 4.695 0.623 0.093 
User 6: 3.382 4.707 3.983 2.725373 2.839 3.885 0.071 3.028 4.487506 0.552 4.144 4.405 2.946 3.922 4.991 2.844 1.952 2.701 4.955 3.552 2.857396 1.539 2.734 1.681870 3.058 
User 7: 0.970 4.336 3.336181 4.465 3.686 1.824 2.207 1.236 1.945 4.770 1.253 4.387 0.519 1.221747 4.725 4.398 2.248 1.191707 0.053 0.420 0.360 4.077 2.299511 1.278733 4.037 
User 8: 1.442 0.057 1.376 2.513 4.237 3.603 2.345 3.406 1.726 4.744 3.277 4.496 4.603 1.837 2.595 1.091 4.217 1.545 4.899 1.314 0.227 0.134 4.661 2.890 1.961 
User 9: 3.677 1.180 2.994 2.593 4.034 2.119 4.179 0.499 4.041 3.824 4.279 0.454 3.606 3.926 2.431 1.462 1.057 1.158 4.679 2.647 4.514 2.531 4.003 1.762 0.334 


