
╔════════════════════════════════════════╗
║              PREDICTIONS               ║
╚════════════════════════════════════════╝
Predicted score for user 2 and item 22: 3.88379
Predicted score for user 1 and item 21: 2.00973
Predicted score for user 1 and item 4: 2.46451
Predicted score for user 3 and item 0: 1.99294
Predicted score for user 3 and item 8: 3.31169
Predicted score for user 4 and item 9: 1.88108
Predicted score for user 4 and item 22: 3.06009
Predicted score for user 5 and item 15: 2.02638
Predicted score for user 5 and item 12: 1.95683
Predicted score for user 0 and item 18: 2.11876
Predicted score for user 0 and item 11: 2.37879
Predicted score for user 0 and item 20: 2.14675
Predicted score for user 6 and item 3: 2.6723
Predicted score for user 6 and item 20: 3.20867
Predicted score for user 6 and item 23: 1.93582
Predicted score for user 6 and item 8: 4.4023
Predicted score for user 7 and item 2: 3.33148
Predicted score for user 7 and item 17: 2.19597
Predicted score for user 7 and item 13: 2.33582
Predicted score for user 7 and item 23: 1.35887
Predicted score for user 7 and item 22: 3.09888


╔════════════════════════════════════════╗
║              INPUT DATA                ║
╚════════════════════════════════════════╝
Metric: Euclidean Distance
Prediction Type: Mean Difference Prediction
Number of Neighbors: 5


╔════════════════════════════════════════╗
║            ORIGINAL MATRIX             ║
╚════════════════════════════════════════╝
User 0: 0.817 4.612 4.488 1.314 2.960 4.479 0.030 4.365 3.481 1.302 1.083 - 0.345 3.400 4.248 2.752 3.280 0.331 - 4.192 - 0.276 1.571 0.325 1.325 
User 1: 3.308 4.717 1.194 1.021 - 4.402 1.496 3.312 3.087 2.654 3.483 4.746 2.796 0.251 2.707 2.264 2.434 3.258 0.420 3.331 3.178 - 3.966 1.257 2.844 
User 2: 1.821 1.270 3.598 3.148 4.252 4.392 4.401 0.563 0.576 4.906 2.427 3.112 3.207 2.352 2.169 2.445 4.854 0.887 2.068 3.149 4.573 0.612 - 1.224 4.779 
User 3: - 4.438 3.795 3.182 4.228 1.990 4.016 4.785 - 4.846 4.265 0.286 0.027 1.184 2.465 4.499 1.400 0.760 0.416 2.016 2.929 3.858 1.505 1.338 0.470 
User 4: 0.745 3.370 3.161 2.226 0.093 2.676 1.556 2.692 4.112 - 0.677 1.666 2.722 1.755 1.913 3.179 0.482 3.090 4.482 4.905 1.102 3.110 - 2.488 3.431 
User 5: 1.029 3.955 3.380 3.112 1.909 0.861 0.325 0.439 3.962 1.468 3.225 1.576 - 4.638 2.110 - 2.286 2.822 0.995 4.053 1.990 0.264 4.695 0.623 0.093 
User 6: 3.382 4.707 3.983 - 2.839 3.885 0.071 3.028 - 0.552 4.144 4.405 2.946 3.922 4.991 2.844 1.952 2.701 4.955 3.552 - 1.539 2.734 - 3.058 
User 7: 0.970 4.336 - 4.465 3.686 1.824 2.207 1.236 1.945 4.770 1.253 4.387 0.519 - 4.725 4.398 2.248 - 0.053 0.420 0.360 4.077 - - 4.037 
User 8: 1.442 0.057 1.376 2.513 4.237 3.603 2.345 3.406 1.726 4.744 3.277 4.496 4.603 1.837 2.595 1.091 4.217 1.545 4.899 1.314 0.227 0.134 4.661 2.890 1.961 
User 9: 3.677 1.180 2.994 2.593 4.034 2.119 4.179 0.499 4.041 3.824 4.279 0.454 3.606 3.926 2.431 1.462 1.057 1.158 4.679 2.647 4.514 2.531 4.003 1.762 0.334 


╔════════════════════════════════════════╗
║          SIMILARITIES MATRIX           ║
╚════════════════════════════════════════╝
User 0:   1.0000   0.1234   0.0975   0.1086   0.1209   0.1248   0.1576   0.1075   0.0937   0.0922 
User 1:   0.1234   1.0000   0.1115   0.1081   0.1211   0.1118   0.1326   0.1182   0.1083   0.0962 
User 2:   0.0975   0.1115   1.0000   0.0959   0.0941   0.0931   0.1001   0.1025   0.1194   0.1104 
User 3:   0.1086   0.1081   0.0959   1.0000   0.1000   0.1000   0.0893   0.1180   0.0818   0.1053 
User 4:   0.1209   0.1211   0.0941   0.1000   1.0000   0.1204   0.1274   0.1034   0.0980   0.1023 
User 5:   0.1248   0.1118   0.0931   0.1000   0.1204   1.0000   0.1178   0.1050   0.0922   0.1134 
User 6:   0.1576   0.1326   0.1001   0.0893   0.1274   0.1178   1.0000   0.1028   0.1042   0.1050 
User 7:   0.1075   0.1182   0.1025   0.1180   0.1034   0.1050   0.1028   1.0000   0.0933   0.0845 
User 8:   0.0937   0.1083   0.1194   0.0818   0.0980   0.0922   0.1042   0.0933   1.0000   0.1040 
User 9:   0.0922   0.0962   0.1104   0.1053   0.1023   0.1134   0.1050   0.0845   0.1040   1.0000 

╔════════════════════════════════════════╗
║        CHOSEN NEIGHBORS PER USER       ║
╚════════════════════════════════════════╝
User 0: [ 1, 6, 3, 4, 5 ]
User 1: [ 0, 7, 6, 4, 5 ]
User 2: [ 9, 1, 8, 7, 6 ]
User 3: [ 0, 1, 7, 9, 5 ]
User 4: [ 0, 1, 6, 7, 5 ]
User 5: [ 0, 1, 6, 9, 4 ]
User 6: [ 0, 1, 9, 5, 4 ]
User 7: [ 0, 1, 5, 3, 4 ]
User 8: [ 9, 1, 2, 6, 4 ]
User 9: [ 5, 6, 2, 3, 8 ]

╔════════════════════════════════════════╗
║      MATRIX WITH PREDICTED RATINGS     ║
╚════════════════════════════════════════╝
User 0: 0.817 4.612 4.488 1.314 2.960 4.479 0.030 4.365 3.481 1.302 1.083 2.378793 0.345 3.400 4.248 2.752 3.280 0.331 2.118761 4.192 2.146753 0.276 1.571 0.325 1.325 
User 1: 3.308 4.717 1.194 1.021 2.464511 4.402 1.496 3.312 3.087 2.654 3.483 4.746 2.796 0.251 2.707 2.264 2.434 3.258 0.420 3.331 3.178 2.009733 3.966 1.257 2.844 
User 2: 1.821 1.270 3.598 3.148 4.252 4.392 4.401 0.563 0.576 4.906 2.427 3.112 3.207 2.352 2.169 2.445 4.854 0.887 2.068 3.149 4.573 0.612 3.883793 1.224 4.779 
User 3: 1.992938 4.438 3.795 3.182 4.228 1.990 4.016 4.785 3.311687 4.846 4.265 0.286 0.027 1.184 2.465 4.499 1.400 0.760 0.416 2.016 2.929 3.858 1.505 1.338 0.470 
User 4: 0.745 3.370 3.161 2.226 0.093 2.676 1.556 2.692 4.112 1.881079 0.677 1.666 2.722 1.755 1.913 3.179 0.482 3.090 4.482 4.905 1.102 3.110 3.060095 2.488 3.431 
User 5: 1.029 3.955 3.380 3.112 1.909 0.861 0.325 0.439 3.962 1.468 3.225 1.576 1.956835 4.638 2.110 2.026382 2.286 2.822 0.995 4.053 1.990 0.264 4.695 0.623 0.093 
User 6: 3.382 4.707 3.983 2.672296 2.839 3.885 0.071 3.028 4.402300 0.552 4.144 4.405 2.946 3.922 4.991 2.844 1.952 2.701 4.955 3.552 3.208669 1.539 2.734 1.935818 3.058 
User 7: 0.970 4.336 3.331475 4.465 3.686 1.824 2.207 1.236 1.945 4.770 1.253 4.387 0.519 2.335815 4.725 4.398 2.248 2.195974 0.053 0.420 0.360 4.077 3.098880 1.358868 4.037 
User 8: 1.442 0.057 1.376 2.513 4.237 3.603 2.345 3.406 1.726 4.744 3.277 4.496 4.603 1.837 2.595 1.091 4.217 1.545 4.899 1.314 0.227 0.134 4.661 2.890 1.961 
User 9: 3.677 1.180 2.994 2.593 4.034 2.119 4.179 0.499 4.041 3.824 4.279 0.454 3.606 3.926 2.431 1.462 1.057 1.158 4.679 2.647 4.514 2.531 4.003 1.762 0.334 


