
╔════════════════════════════════════════╗
║              PREDICTIONS               ║
╚════════════════════════════════════════╝
Predicted score for user 0 and item 83: 2.15716
Predicted score for user 0 and item 118: 1.048
Predicted score for user 0 and item 120: 2.40557
Predicted score for user 1 and item 191: 1.78825
Predicted score for user 1 and item 227: 2.127
Predicted score for user 3 and item 19: 2.59277
Predicted score for user 3 and item 129: 2.95451
Predicted score for user 3 and item 132: 2.38645
Predicted score for user 3 and item 148: 2.83507
Predicted score for user 3 and item 238: 3.3598
Predicted score for user 4 and item 151: 2.58726
Predicted score for user 5 and item 179: 2.895
Predicted score for user 6 and item 2: 2.85152
Predicted score for user 6 and item 146: 2.58961
Predicted score for user 6 and item 241: 3.96594
Predicted score for user 8 and item 105: 2.37292
Predicted score for user 8 and item 179: 3.50025
Predicted score for user 8 and item 181: 2.44706
Predicted score for user 9 and item 96: 2.85403
Predicted score for user 9 and item 116: 2.61242
Predicted score for user 9 and item 177: 2.85761
Predicted score for user 9 and item 215: 1.46128
Predicted score for user 10 and item 28: 3.36784
Predicted score for user 10 and item 133: 3.43253
Predicted score for user 10 and item 232: 3.05342
Predicted score for user 11 and item 43: 2.94215
Predicted score for user 11 and item 112: 1.14504
Predicted score for user 12 and item 219: 2.53778
Predicted score for user 13 and item 24: 2.6858
Predicted score for user 13 and item 88: 2.20132
Predicted score for user 13 and item 112: 1.59814
Predicted score for user 13 and item 226: 1.60617
Predicted score for user 14 and item 84: 2.47442
Predicted score for user 14 and item 91: 2.91706
Predicted score for user 15 and item 42: 1.61834
Predicted score for user 15 and item 91: 3.13682
Predicted score for user 15 and item 101: 2.49719
Predicted score for user 15 and item 104: 2.17328
Predicted score for user 17 and item 43: 2.80928
Predicted score for user 17 and item 63: 2.82948
Predicted score for user 17 and item 140: 1.66368
Predicted score for user 17 and item 191: 2.34125
Predicted score for user 18 and item 0: 1.59091
Predicted score for user 18 and item 12: 3.39595
Predicted score for user 18 and item 85: 3.68853
Predicted score for user 18 and item 127: 2.08446
Predicted score for user 18 and item 212: 2.85797
Predicted score for user 19 and item 121: 1.51119
Predicted score for user 19 and item 215: 1.51544
Predicted score for user 20 and item 87: 2.28322
Predicted score for user 20 and item 221: 2.58875
Predicted score for user 21 and item 7: 2.20107
Predicted score for user 21 and item 68: 3.31143
Predicted score for user 21 and item 70: 3.4884
Predicted score for user 21 and item 188: 2.85614
Predicted score for user 22 and item 66: 3.00495
Predicted score for user 22 and item 217: 2.72436
Predicted score for user 23 and item 33: 3.29609
Predicted score for user 23 and item 117: 2.69904
Predicted score for user 25 and item 1: 1.59301
Predicted score for user 25 and item 97: 3.84603
Predicted score for user 25 and item 198: 2.81339
Predicted score for user 26 and item 195: 3.06971
Predicted score for user 26 and item 201: 2.55051
Predicted score for user 27 and item 65: 3.728
Predicted score for user 27 and item 134: 3.51665
Predicted score for user 27 and item 206: 2.28083
Predicted score for user 28 and item 98: 2.59038
Predicted score for user 28 and item 212: 2.80183
Predicted score for user 29 and item 11: 1.13243
Predicted score for user 29 and item 94: 3.59737
Predicted score for user 29 and item 131: 2.20252
Predicted score for user 29 and item 170: 2.76671
Predicted score for user 29 and item 194: 1.96117
Predicted score for user 31 and item 60: 3.32181
Predicted score for user 31 and item 157: 2.91091
Predicted score for user 31 and item 208: 2.50324
Predicted score for user 32 and item 52: 2.94889
Predicted score for user 32 and item 170: 2.22159
Predicted score for user 32 and item 177: 1.91036
Predicted score for user 33 and item 93: 3.05821
Predicted score for user 33 and item 107: 3.28604
Predicted score for user 33 and item 128: 2.53415
Predicted score for user 33 and item 192: 0.82715
Predicted score for user 34 and item 96: 3.67364
Predicted score for user 34 and item 167: 1.99835
Predicted score for user 34 and item 208: 4.09717
Predicted score for user 35 and item 53: 1.70305
Predicted score for user 35 and item 192: 2.01547
Predicted score for user 35 and item 240: 3.08158
Predicted score for user 36 and item 152: 2.37585
Predicted score for user 36 and item 212: 3.47
Predicted score for user 38 and item 247: 2.0012
Predicted score for user 39 and item 100: 3.09796
Predicted score for user 39 and item 104: 2.1176
Predicted score for user 39 and item 150: 3.09345
Predicted score for user 40 and item 33: 2.58531
Predicted score for user 40 and item 58: 2.30275
Predicted score for user 40 and item 89: 3.45235
Predicted score for user 41 and item 57: 3.72502
Predicted score for user 42 and item 71: 3.43101
Predicted score for user 42 and item 159: 2.43616
Predicted score for user 43 and item 46: 2.64856
Predicted score for user 43 and item 224: 2.25938
Predicted score for user 43 and item 225: 3.29043
Predicted score for user 43 and item 242: 2.95323
Predicted score for user 43 and item 244: 3.09172
Predicted score for user 44 and item 106: 3.62053
Predicted score for user 44 and item 127: 2.61991
Predicted score for user 45 and item 194: 3.41684
Predicted score for user 45 and item 235: 2.77464
Predicted score for user 46 and item 11: 1.86286
Predicted score for user 46 and item 63: 1.64003
Predicted score for user 46 and item 94: 1.52874
Predicted score for user 48 and item 41: 1.94376
Predicted score for user 48 and item 134: 1.77319
Predicted score for user 48 and item 207: 2.97542
Predicted score for user 49 and item 103: 2.01019
Predicted score for user 49 and item 224: 2.84294

╔════════════════════════════════════════╗
║          SIMILARITIES MATRIX           ║
╚════════════════════════════════════════╝
User 0:   1.0000  -0.1167  -0.0219   0.0218  -0.0490  -0.0837   0.0481  -0.0107  -0.0098   0.1224   0.0297   0.0318   0.0568  -0.0283   0.0839  -0.1124  -0.0287  -0.0500   0.0678  -0.0603  -0.0037   0.0223   0.0136  -0.1524   0.0042  -0.0096   0.0388   0.1141   0.0528   0.0376  -0.0208  -0.0293   0.0143   0.1497  -0.0607  -0.0290  -0.0582   0.0390  -0.0415  -0.0612  -0.0266  -0.0560   0.0963   0.0719  -0.0073  -0.0419  -0.0522  -0.0070   0.0343  -0.0544 
User 1:  -0.1167   1.0000   0.1460   0.0566   0.0884   0.0511  -0.0671  -0.0261  -0.1111  -0.1297  -0.1352   0.0662  -0.0613   0.0461   0.0056   0.0694   0.0095   0.0750  -0.0140   0.1325  -0.0745   0.0907  -0.1343   0.1491   0.0103   0.0836   0.0854  -0.0240  -0.0760  -0.0901   0.0536  -0.0550  -0.0662  -0.0526  -0.0517  -0.1254  -0.0568   0.0341  -0.0631  -0.1351   0.0462   0.0304   0.0722   0.0759   0.0476   0.0761  -0.0241   0.0294  -0.0173  -0.0352 
User 2:  -0.0219   0.1460   1.0000  -0.0101  -0.0419  -0.0279   0.0324  -0.0343  -0.0872  -0.1310   0.0366   0.0954   0.0247   0.0168   0.0927  -0.0037  -0.0382  -0.0726   0.0227  -0.0817   0.0686   0.0883   0.0393   0.0729   0.0786   0.0182   0.0133  -0.0068   0.0150  -0.0421   0.0365  -0.0942  -0.0666  -0.0105  -0.0313   0.0005  -0.0505  -0.0348  -0.1191  -0.0441   0.0818   0.0671  -0.0875  -0.0239  -0.0333  -0.0459   0.0166   0.0016   0.1311   0.0536 
User 3:   0.0218   0.0566  -0.0101   1.0000   0.0365  -0.0927  -0.0302  -0.0111   0.0783  -0.0979  -0.0706   0.0674   0.0555   0.0161  -0.0741  -0.0013  -0.0797   0.0286  -0.1546   0.0511   0.0831   0.0036  -0.0408   0.1174   0.0706  -0.0630   0.0910   0.1034   0.1229   0.0226  -0.0021   0.1496   0.0475  -0.0522   0.1182   0.0084  -0.0148  -0.0931  -0.0169  -0.0220   0.0598  -0.0225  -0.0992   0.1083  -0.1158   0.0106  -0.0806   0.0057   0.0076  -0.0512 
User 4:  -0.0490   0.0884  -0.0419   0.0365   1.0000   0.0183  -0.0162  -0.0186  -0.0543  -0.0218   0.0310  -0.0499  -0.0790  -0.0867  -0.0352  -0.0369   0.0191   0.1214  -0.0240   0.0183  -0.0707   0.0330  -0.0517  -0.0464   0.0406   0.1235  -0.1051  -0.0223   0.0201  -0.0715  -0.0040  -0.0478   0.0969   0.0024   0.0183  -0.1389   0.0611  -0.0033   0.0758  -0.0173  -0.0558   0.0152  -0.0234   0.0861   0.0058  -0.0436   0.0501   0.0236   0.1280   0.0195 
User 5:  -0.0837   0.0511  -0.0279  -0.0927   0.0183   1.0000   0.0631   0.0071  -0.0015   0.1173   0.0454  -0.0558  -0.0860  -0.0547   0.0235  -0.0246  -0.0479  -0.1347   0.1665  -0.0073  -0.0508   0.0177   0.0799  -0.0042   0.0104   0.0547  -0.1096   0.0561  -0.0111   0.0516  -0.0029  -0.0332   0.0724   0.0209  -0.0328   0.1355   0.0258   0.1017   0.0066   0.0090   0.0067  -0.0296  -0.0028  -0.0016  -0.0578  -0.0003  -0.0395  -0.0058   0.0253  -0.0847 
User 6:   0.0481  -0.0671   0.0324  -0.0302  -0.0162   0.0631   1.0000   0.0589   0.0395   0.0869   0.0193  -0.0028   0.0072  -0.0034  -0.0015  -0.0515   0.0134   0.0079  -0.0497   0.0712   0.0070   0.0382  -0.0416  -0.0581  -0.0484   0.0082  -0.1423   0.0513  -0.0223   0.0710   0.0963  -0.1136  -0.0029   0.0439  -0.0084  -0.0669   0.0525   0.0160   0.0726   0.0507  -0.0773   0.0058  -0.0343  -0.0115   0.1105  -0.1051  -0.0519   0.0134  -0.0863  -0.0240 
User 7:  -0.0107  -0.0261  -0.0343  -0.0111  -0.0186   0.0071   0.0589   1.0000  -0.0721   0.0013   0.0543  -0.0322  -0.0881   0.0971  -0.0166   0.0115   0.0203  -0.0778  -0.1141   0.0369   0.0378   0.0246   0.0505  -0.0027  -0.0531   0.0068  -0.0798  -0.0278   0.0284  -0.0011   0.0230  -0.0069   0.0949  -0.0341   0.0019  -0.1513  -0.0606  -0.0943  -0.0178  -0.0132  -0.0149  -0.0718  -0.1690  -0.0439  -0.0078   0.0404   0.1119  -0.1021  -0.1019   0.0193 
User 8:  -0.0098  -0.1111  -0.0872   0.0783  -0.0543  -0.0015   0.0395  -0.0721   1.0000  -0.0731  -0.0516  -0.0921  -0.0036  -0.0224   0.0140  -0.0019  -0.0086  -0.0490  -0.0229   0.0595  -0.0180   0.0224  -0.0319   0.0819  -0.0257  -0.0046  -0.0169   0.0375   0.0316  -0.0085  -0.0257  -0.0597   0.0315   0.0574   0.0791   0.1404   0.0433  -0.0022   0.1036   0.0801  -0.0580   0.0337   0.0415   0.0311  -0.0262  -0.0622  -0.1220   0.0205   0.1243   0.0206 
User 9:   0.1224  -0.1297  -0.1310  -0.0979  -0.0218   0.1173   0.0869   0.0013  -0.0731   1.0000   0.0089   0.1731  -0.0763  -0.0779  -0.0419  -0.0764  -0.0196   0.0108   0.0644  -0.0854   0.0281   0.1034   0.0373  -0.0049  -0.0491   0.0640   0.0561  -0.0537  -0.0812  -0.0198   0.0845  -0.1085  -0.0866  -0.0450   0.1208   0.0086   0.0098   0.1075   0.0050  -0.0803  -0.1484  -0.1574  -0.0056  -0.0438   0.0062  -0.0656   0.0179   0.0023  -0.0105  -0.1060 
User 10:   0.0297  -0.1352   0.0366  -0.0706   0.0310   0.0454   0.0193   0.0543  -0.0516   0.0089   1.0000   0.0746  -0.0374  -0.0514   0.0466   0.0540   0.1760   0.1378  -0.0508  -0.0171   0.0055  -0.0935   0.0399  -0.0857  -0.0741  -0.1331  -0.0589  -0.1134  -0.0857  -0.0985  -0.0274  -0.0207  -0.0005  -0.0436   0.0097   0.1028  -0.0666  -0.0070  -0.0007  -0.0950  -0.0573  -0.0364   0.0553   0.0703   0.0645   0.0588   0.1280   0.0488  -0.0553  -0.0320 
User 11:   0.0318   0.0662   0.0954   0.0674  -0.0499  -0.0558  -0.0028  -0.0322  -0.0921   0.1731   0.0746   1.0000  -0.0867  -0.1210   0.0107  -0.0344   0.0674   0.0395  -0.0597   0.0322   0.0090  -0.0060   0.0648   0.0033  -0.0124  -0.0443  -0.0359   0.0583  -0.0641   0.0523   0.0243  -0.0225  -0.0080  -0.0375  -0.0622   0.0256   0.0646   0.0603  -0.0233  -0.0138  -0.1518  -0.0332   0.0203  -0.0043  -0.0259   0.0276   0.0824  -0.0585   0.0845   0.0024 
User 12:   0.0568  -0.0613   0.0247   0.0555  -0.0790  -0.0860   0.0072  -0.0881  -0.0036  -0.0763  -0.0374  -0.0867   1.0000  -0.0173   0.0262  -0.0500  -0.0123   0.0005   0.0932  -0.0235   0.0402   0.1057  -0.0565   0.0471   0.0654  -0.0749  -0.0620   0.0936   0.0380  -0.0078   0.1055   0.0399   0.0196   0.0090   0.0020  -0.0445  -0.0809  -0.0754   0.0204  -0.0244   0.1247   0.0065   0.0583  -0.1302  -0.0036  -0.0847  -0.0134   0.0083   0.0128  -0.0597 
User 13:  -0.0283   0.0461   0.0168   0.0161  -0.0867  -0.0547  -0.0034   0.0971  -0.0224  -0.0779  -0.0514  -0.1210  -0.0173   1.0000  -0.0229  -0.0537   0.0556  -0.0394   0.1018   0.0949   0.0522  -0.1450  -0.0307  -0.0370  -0.0852   0.0010   0.0611  -0.0005   0.0652  -0.0540  -0.0312  -0.0045   0.0181  -0.1095  -0.1018  -0.0700  -0.1401   0.0233   0.0298   0.0364  -0.0108   0.1844  -0.0753  -0.0321  -0.0560  -0.0674   0.0473   0.0293  -0.0032   0.1000 
User 14:   0.0839   0.0056   0.0927  -0.0741  -0.0352   0.0235  -0.0015  -0.0166   0.0140  -0.0419   0.0466   0.0107   0.0262  -0.0229   1.0000   0.0556   0.0100  -0.0195  -0.0112  -0.0611  -0.0427   0.0461  -0.0820   0.0745  -0.0430  -0.0041  -0.0374  -0.1292  -0.0736  -0.0352   0.1894  -0.0389   0.0398  -0.0153  -0.0276  -0.0393   0.0741  -0.0214  -0.1419  -0.0977   0.0803  -0.0239   0.0691  -0.0041   0.0698  -0.0043   0.0547   0.0240  -0.0853   0.0044 
User 15:  -0.1124   0.0694  -0.0037  -0.0013  -0.0369  -0.0246  -0.0515   0.0115  -0.0019  -0.0764   0.0540  -0.0344  -0.0500  -0.0537   0.0556   1.0000   0.0136   0.1399  -0.0470  -0.0741   0.0154  -0.0167   0.0783   0.1212  -0.0606   0.0266   0.0607  -0.1225  -0.0173   0.0251   0.0372   0.0331  -0.0559  -0.1116   0.0019  -0.0135  -0.0728   0.0099  -0.0516   0.0620   0.1179  -0.0411   0.0307   0.0187   0.1151   0.0878   0.0080  -0.1162  -0.0910  -0.0665 
User 16:  -0.0287   0.0095  -0.0382  -0.0797   0.0191  -0.0479   0.0134   0.0203  -0.0086  -0.0196   0.1760   0.0674  -0.0123   0.0556   0.0100   0.0136   1.0000  -0.0154   0.0069  -0.0018  -0.0801   0.0523   0.0979  -0.1137  -0.0757  -0.0115  -0.0718  -0.0254  -0.0382   0.0139   0.0047  -0.0143   0.0271   0.0289  -0.1897   0.0800   0.0721  -0.0966   0.0763  -0.0993  -0.0282   0.0750   0.1189   0.0542   0.0505   0.0054   0.1385  -0.0086  -0.0593   0.1040 
User 17:  -0.0500   0.0750  -0.0726   0.0286   0.1214  -0.1347   0.0079  -0.0778  -0.0490   0.0108   0.1378   0.0395   0.0005  -0.0394  -0.0195   0.1399  -0.0154   1.0000  -0.0507   0.0175   0.0549  -0.0719  -0.0084   0.0021   0.0301   0.0076   0.0153  -0.0433   0.0650   0.0449  -0.0103  -0.0423  -0.0445  -0.0561   0.0154  -0.0310  -0.0865   0.0078  -0.0083  -0.0678  -0.0203   0.0456   0.0216   0.0579   0.0197   0.0302  -0.0435   0.0729  -0.0661  -0.0496 
User 18:   0.0678  -0.0140   0.0227  -0.1546  -0.0240   0.1665  -0.0497  -0.1141  -0.0229   0.0644  -0.0508  -0.0597   0.0932   0.1018  -0.0112  -0.0470   0.0069  -0.0507   1.0000  -0.0652   0.0285  -0.0355  -0.1190  -0.0343   0.0306   0.1073  -0.0102   0.0691   0.0104   0.0019  -0.0230   0.0055  -0.0871   0.0303  -0.0660   0.0739  -0.0362   0.1094  -0.0601  -0.0816  -0.0313   0.0641   0.0218   0.0373  -0.0566   0.0067  -0.0515   0.0649   0.0121   0.0434 
User 19:  -0.0603   0.1325  -0.0817   0.0511   0.0183  -0.0073   0.0712   0.0369   0.0595  -0.0854  -0.0171   0.0322  -0.0235   0.0949  -0.0611  -0.0741  -0.0018   0.0175  -0.0652   1.0000  -0.0671  -0.0586  -0.0597   0.0367  -0.0357   0.0292   0.0885   0.0018   0.0200  -0.0152   0.0071  -0.0222   0.0828  -0.0378   0.0574  -0.0202  -0.0045   0.1477   0.0493  -0.0000  -0.1688   0.0796   0.0955  -0.0930   0.0041  -0.0159  -0.0044  -0.0303   0.0255   0.0593 
User 20:  -0.0037  -0.0745   0.0686   0.0831  -0.0707  -0.0508   0.0070   0.0378  -0.0180   0.0281   0.0055   0.0090   0.0402   0.0522  -0.0427   0.0154  -0.0801   0.0549   0.0285  -0.0671   1.0000  -0.0077   0.0771  -0.0411   0.0287  -0.0466   0.0385  -0.0642  -0.0690   0.0902  -0.1055   0.0068   0.0229  -0.0438  -0.0674  -0.0913  -0.0472   0.0648  -0.0979   0.0906  -0.0532  -0.0281  -0.0245   0.0579  -0.0209   0.0259  -0.0194   0.0106   0.0258  -0.0508 
User 21:   0.0223   0.0907   0.0883   0.0036   0.0330   0.0177   0.0382   0.0246   0.0224   0.1034  -0.0935  -0.0060   0.1057  -0.1450   0.0461  -0.0167   0.0523  -0.0719  -0.0355  -0.0586  -0.0077   1.0000  -0.0399   0.0180   0.0738  -0.0323  -0.0072  -0.0483   0.0126  -0.1579   0.0627   0.0134   0.0134   0.0327  -0.0173   0.0858  -0.0710   0.0424  -0.1010  -0.0559  -0.0750   0.0777   0.0176  -0.0740  -0.0287   0.0976  -0.0659  -0.0506   0.0465  -0.0824 
User 22:   0.0136  -0.1343   0.0393  -0.0408  -0.0517   0.0799  -0.0416   0.0505  -0.0319   0.0373   0.0399   0.0648  -0.0565  -0.0307  -0.0820   0.0783   0.0979  -0.0084  -0.1190  -0.0597   0.0771  -0.0399   1.0000  -0.0555  -0.0987  -0.0782  -0.1140   0.0644   0.0163   0.0837  -0.0726  -0.1288   0.0890  -0.0264   0.0938  -0.0631   0.0296   0.1255  -0.0691   0.0455  -0.0481  -0.0186   0.0296   0.0300  -0.0046  -0.0539  -0.0280  -0.0734   0.0207  -0.0316 
User 23:  -0.1524   0.1491   0.0729   0.1174  -0.0464  -0.0042  -0.0581  -0.0027   0.0819  -0.0049  -0.0857   0.0033   0.0471  -0.0370   0.0745   0.1212  -0.1137   0.0021  -0.0343   0.0367  -0.0411   0.0180  -0.0555   1.0000   0.0566  -0.0246   0.0070  -0.0961   0.0726  -0.0641   0.0372   0.0648  -0.0602  -0.0205   0.0980  -0.0242  -0.0835   0.1160  -0.0948  -0.0008  -0.0318   0.0550   0.0002   0.0528  -0.0633   0.0104  -0.0850  -0.1625   0.1277  -0.0056 
User 24:   0.0042   0.0103   0.0786   0.0706   0.0406   0.0104  -0.0484  -0.0531  -0.0257  -0.0491  -0.0741  -0.0124   0.0654  -0.0852  -0.0430  -0.0606  -0.0757   0.0301   0.0306  -0.0357   0.0287   0.0738  -0.0987   0.0566   1.0000  -0.0845  -0.0551  -0.0632   0.0098  -0.0050  -0.0954   0.0979   0.1062  -0.0279   0.0045  -0.0017  -0.0687  -0.0325   0.0351   0.0479   0.0318   0.0399   0.0614   0.0270  -0.0797   0.0324  -0.0494  -0.0003   0.0657   0.0032 
User 25:  -0.0096   0.0836   0.0182  -0.0630   0.1235   0.0547   0.0082   0.0068  -0.0046   0.0640  -0.1331  -0.0443  -0.0749   0.0010  -0.0041   0.0266  -0.0115   0.0076   0.1073   0.0292  -0.0466  -0.0323  -0.0782  -0.0246  -0.0845   1.0000   0.1328  -0.0739  -0.0070  -0.0039   0.0241   0.0029  -0.0472   0.0156  -0.0085   0.0041   0.0322  -0.0227   0.0289   0.0168  -0.0513  -0.0225   0.1049  -0.0005   0.0210   0.0202   0.0304   0.0320  -0.0433  -0.0990 
User 26:   0.0388   0.0854   0.0133   0.0910  -0.1051  -0.1096  -0.1423  -0.0798  -0.0169   0.0561  -0.0589  -0.0359  -0.0620   0.0611  -0.0374   0.0607  -0.0718   0.0153  -0.0102   0.0885   0.0385  -0.0072  -0.1140   0.0070  -0.0551   0.1328   1.0000  -0.0366   0.0156   0.0263   0.0091   0.0336  -0.1445   0.0433   0.1547  -0.0496   0.0923   0.0092   0.0287   0.0120   0.0389   0.0736  -0.0067   0.0721  -0.0248   0.0774  -0.0420  -0.0214  -0.0684  -0.0479 
User 27:   0.1141  -0.0240  -0.0068   0.1034  -0.0223   0.0561   0.0513  -0.0278   0.0375  -0.0537  -0.1134   0.0583   0.0936  -0.0005  -0.1292  -0.1225  -0.0254  -0.0433   0.0691   0.0018  -0.0642  -0.0483   0.0644  -0.0961  -0.0632  -0.0739  -0.0366   1.0000   0.1286   0.0886  -0.0123   0.0038   0.1266  -0.0130   0.0247  -0.0207  -0.0581  -0.0746   0.0894   0.0607  -0.0518  -0.0219  -0.0067   0.0081  -0.0642  -0.0320   0.0515  -0.1219  -0.0190   0.0460 
User 28:   0.0528  -0.0760   0.0150   0.1229   0.0201  -0.0111  -0.0223   0.0284   0.0316  -0.0812  -0.0857  -0.0641   0.0380   0.0652  -0.0736  -0.0173  -0.0382   0.0650   0.0104   0.0200  -0.0690   0.0126   0.0163   0.0726   0.0098  -0.0070   0.0156   0.1286   1.0000  -0.0099  -0.0863  -0.0021  -0.0358  -0.0253  -0.0214  -0.0272  -0.0005   0.0670   0.0461  -0.0060   0.0664   0.1017   0.0702   0.0490  -0.0223  -0.0274   0.0087   0.0166  -0.0269   0.0539 
User 29:   0.0376  -0.0901  -0.0421   0.0226  -0.0715   0.0516   0.0710  -0.0011  -0.0085  -0.0198  -0.0985   0.0523  -0.0078  -0.0540  -0.0352   0.0251   0.0139   0.0449   0.0019  -0.0152   0.0902  -0.1579   0.0837  -0.0641  -0.0050  -0.0039   0.0263   0.0886  -0.0099   1.0000  -0.0809   0.0723  -0.0185   0.0395   0.0242   0.0661   0.1348   0.0396   0.1134   0.1185  -0.0921  -0.0234  -0.0173  -0.1372  -0.1415  -0.0436  -0.0582  -0.0219  -0.0034  -0.0222 
User 30:  -0.0208   0.0536   0.0365  -0.0021  -0.0040  -0.0029   0.0963   0.0230  -0.0257   0.0845  -0.0274   0.0243   0.1055  -0.0312   0.1894   0.0372   0.0047  -0.0103  -0.0230   0.0071  -0.1055   0.0627  -0.0726   0.0372  -0.0954   0.0241   0.0091  -0.0123  -0.0863  -0.0809   1.0000  -0.0120  -0.0538  -0.0914   0.0177  -0.1112  -0.0002   0.0710  -0.0831   0.0741  -0.0391  -0.0048  -0.0012   0.0796   0.1151   0.0375   0.0561  -0.0624   0.0243   0.0109 
User 31:  -0.0293  -0.0550  -0.0942   0.1496  -0.0478  -0.0332  -0.1136  -0.0069  -0.0597  -0.1085  -0.0207  -0.0225   0.0399  -0.0045  -0.0389   0.0331  -0.0143  -0.0423   0.0055  -0.0222   0.0068   0.0134  -0.1288   0.0648   0.0979   0.0029   0.0336   0.0038  -0.0021   0.0723  -0.0120   1.0000  -0.0088  -0.0386   0.0257   0.0612   0.0440  -0.0587   0.1152  -0.0252   0.0867   0.0244  -0.0278   0.0076  -0.0579   0.0684  -0.0455  -0.0264   0.0131  -0.0788 
User 32:   0.0143  -0.0662  -0.0666   0.0475   0.0969   0.0724  -0.0029   0.0949   0.0315  -0.0866  -0.0005  -0.0080   0.0196   0.0181   0.0398  -0.0559   0.0271  -0.0445  -0.0871   0.0828   0.0229   0.0134   0.0890  -0.0602   0.1062  -0.0472  -0.1445   0.1266  -0.0358  -0.0185  -0.0538  -0.0088   1.0000  -0.0572   0.0205  -0.0645  -0.0842   0.0299  -0.0079   0.0633  -0.0768   0.0950  -0.0122  -0.0620  -0.0344   0.1062   0.1147   0.0796   0.0091  -0.0635 
User 33:   0.1497  -0.0526  -0.0105  -0.0522   0.0024   0.0209   0.0439  -0.0341   0.0574  -0.0450  -0.0436  -0.0375   0.0090  -0.1095  -0.0153  -0.1116   0.0289  -0.0561   0.0303  -0.0378  -0.0438   0.0327  -0.0264  -0.0205  -0.0279   0.0156   0.0433  -0.0130  -0.0253   0.0395  -0.0914  -0.0386  -0.0572   1.0000  -0.0278   0.0759   0.1213  -0.1276  -0.0764  -0.0255  -0.0382  -0.0584   0.0397   0.0274  -0.0789   0.0405  -0.0335  -0.0293   0.0502   0.0363 
User 34:  -0.0607  -0.0517  -0.0313   0.1182   0.0183  -0.0328  -0.0084   0.0019   0.0791   0.1208   0.0097  -0.0622   0.0020  -0.1018  -0.0276   0.0019  -0.1897   0.0154  -0.0660   0.0574  -0.0674  -0.0173   0.0938   0.0980   0.0045  -0.0085   0.1547   0.0247  -0.0214   0.0242   0.0177   0.0257   0.0205  -0.0278   1.0000   0.0053   0.0033   0.0158   0.0167   0.0798  -0.0663   0.0883   0.0458  -0.0331  -0.0286   0.0472   0.0654  -0.0551   0.0239  -0.0800 
User 35:  -0.0290  -0.1254   0.0005   0.0084  -0.1389   0.1355  -0.0669  -0.1513   0.1404   0.0086   0.1028   0.0256  -0.0445  -0.0700  -0.0393  -0.0135   0.0800  -0.0310   0.0739  -0.0202  -0.0913   0.0858  -0.0631  -0.0242  -0.0017   0.0041  -0.0496  -0.0207  -0.0272   0.0661  -0.1112   0.0612  -0.0645   0.0759   0.0053   1.0000   0.0858  -0.0373   0.1505   0.0533  -0.1371   0.0305  -0.0145  -0.0473  -0.0499  -0.0900  -0.0606   0.0562   0.0879  -0.0684 
User 36:  -0.0582  -0.0568  -0.0505  -0.0148   0.0611   0.0258   0.0525  -0.0606   0.0433   0.0098  -0.0666   0.0646  -0.0809  -0.1401   0.0741  -0.0728   0.0721  -0.0865  -0.0362  -0.0045  -0.0472  -0.0710   0.0296  -0.0835  -0.0687   0.0322   0.0923  -0.0581  -0.0005   0.1348  -0.0002   0.0440  -0.0842   0.1213   0.0033   0.0858   1.0000   0.0654   0.0644  -0.0245   0.0498  -0.0245  -0.0258   0.0207   0.0678  -0.0128   0.0566  -0.0266   0.1083   0.0564 
User 37:   0.0390   0.0341  -0.0348  -0.0931  -0.0033   0.1017   0.0160  -0.0943  -0.0022   0.1075  -0.0070   0.0603  -0.0754   0.0233  -0.0214   0.0099  -0.0966   0.0078   0.1094   0.1477   0.0648   0.0424   0.1255   0.1160  -0.0325  -0.0227   0.0092  -0.0746   0.0670   0.0396   0.0710  -0.0587   0.0299  -0.1276   0.0158  -0.0373   0.0654   1.0000  -0.0392  -0.0452  -0.1170   0.0457   0.0548  -0.0256   0.0463   0.0059  -0.1061   0.0197  -0.0020  -0.0710 
User 38:  -0.0415  -0.0631  -0.1191  -0.0169   0.0758   0.0066   0.0726  -0.0178   0.1036   0.0050  -0.0007  -0.0233   0.0204   0.0298  -0.1419  -0.0516   0.0763  -0.0083  -0.0601   0.0493  -0.0979  -0.1010  -0.0691  -0.0948   0.0351   0.0289   0.0287   0.0894   0.0461   0.1134  -0.0831   0.1152  -0.0079  -0.0764   0.0167   0.1505   0.0644  -0.0392   1.0000   0.1213  -0.0397   0.0519  -0.0390  -0.0138  -0.0099  -0.0299   0.1023  -0.0161  -0.1296  -0.0282 
User 39:  -0.0612  -0.1351  -0.0441  -0.0220  -0.0173   0.0090   0.0507  -0.0132   0.0801  -0.0803  -0.0950  -0.0138  -0.0244   0.0364  -0.0977   0.0620  -0.0993  -0.0678  -0.0816  -0.0000   0.0906  -0.0559   0.0455  -0.0008   0.0479   0.0168   0.0120   0.0607  -0.0060   0.1185   0.0741  -0.0252   0.0633  -0.0255   0.0798   0.0533  -0.0245  -0.0452   0.1213   1.0000  -0.0998  -0.0309  -0.0694  -0.0868  -0.0209  -0.0613  -0.1194   0.0064   0.0302  -0.0604 
User 40:  -0.0266   0.0462   0.0818   0.0598  -0.0558   0.0067  -0.0773  -0.0149  -0.0580  -0.1484  -0.0573  -0.1518   0.1247  -0.0108   0.0803   0.1179  -0.0282  -0.0203  -0.0313  -0.1688  -0.0532  -0.0750  -0.0481  -0.0318   0.0318  -0.0513   0.0389  -0.0518   0.0664  -0.0921  -0.0391   0.0867  -0.0768  -0.0382  -0.0663  -0.1371   0.0498  -0.1170  -0.0397  -0.0998   1.0000   0.0367  -0.1276   0.0149   0.0106   0.0437  -0.0712   0.0703   0.0144   0.1044 
User 41:  -0.0560   0.0304   0.0671  -0.0225   0.0152  -0.0296   0.0058  -0.0718   0.0337  -0.1574  -0.0364  -0.0332   0.0065   0.1844  -0.0239  -0.0411   0.0750   0.0456   0.0641   0.0796  -0.0281   0.0777  -0.0186   0.0550   0.0399  -0.0225   0.0736  -0.0219   0.1017  -0.0234  -0.0048   0.0244   0.0950  -0.0584   0.0883   0.0305  -0.0245   0.0457   0.0519  -0.0309   0.0367   1.0000  -0.0087  -0.0308  -0.0273   0.0508  -0.0331  -0.0150  -0.0188   0.1058 
User 42:   0.0963   0.0722  -0.0875  -0.0992  -0.0234  -0.0028  -0.0343  -0.1690   0.0415  -0.0056   0.0553   0.0203   0.0583  -0.0753   0.0691   0.0307   0.1189   0.0216   0.0218   0.0955  -0.0245   0.0176   0.0296   0.0002   0.0614   0.1049  -0.0067  -0.0067   0.0702  -0.0173  -0.0012  -0.0278  -0.0122   0.0397   0.0458  -0.0145  -0.0258   0.0548  -0.0390  -0.0694  -0.1276  -0.0087   1.0000  -0.0453   0.0160   0.0635   0.0936   0.0549  -0.0679  -0.0820 
User 43:   0.0719   0.0759  -0.0239   0.1083   0.0861  -0.0016  -0.0115  -0.0439   0.0311  -0.0438   0.0703  -0.0043  -0.1302  -0.0321  -0.0041   0.0187   0.0542   0.0579   0.0373  -0.0930   0.0579  -0.0740   0.0300   0.0528   0.0270  -0.0005   0.0721   0.0081   0.0490  -0.1372   0.0796   0.0076  -0.0620   0.0274  -0.0331  -0.0473   0.0207  -0.0256  -0.0138  -0.0868   0.0149  -0.0308  -0.0453   1.0000  -0.0078   0.0586   0.1305   0.0514  -0.0904  -0.1064 
User 44:  -0.0073   0.0476  -0.0333  -0.1158   0.0058  -0.0578   0.1105  -0.0078  -0.0262   0.0062   0.0645  -0.0259  -0.0036  -0.0560   0.0698   0.1151   0.0505   0.0197  -0.0566   0.0041  -0.0209  -0.0287  -0.0046  -0.0633  -0.0797   0.0210  -0.0248  -0.0642  -0.0223  -0.1415   0.1151  -0.0579  -0.0344  -0.0789  -0.0286  -0.0499   0.0678   0.0463  -0.0099  -0.0209   0.0106  -0.0273   0.0160  -0.0078   1.0000  -0.0102   0.1051  -0.0232  -0.0977   0.1092 
User 45:  -0.0419   0.0761  -0.0459   0.0106  -0.0436  -0.0003  -0.1051   0.0404  -0.0622  -0.0656   0.0588   0.0276  -0.0847  -0.0674  -0.0043   0.0878   0.0054   0.0302   0.0067  -0.0159   0.0259   0.0976  -0.0539   0.0104   0.0324   0.0202   0.0774  -0.0320  -0.0274  -0.0436   0.0375   0.0684   0.1062   0.0405   0.0472  -0.0900  -0.0128   0.0059  -0.0299  -0.0613   0.0437   0.0508   0.0635   0.0586  -0.0102   1.0000   0.1064   0.0643   0.0781  -0.1189 
User 46:  -0.0522  -0.0241   0.0166  -0.0806   0.0501  -0.0395  -0.0519   0.1119  -0.1220   0.0179   0.1280   0.0824  -0.0134   0.0473   0.0547   0.0080   0.1385  -0.0435  -0.0515  -0.0044  -0.0194  -0.0659  -0.0280  -0.0850  -0.0494   0.0304  -0.0420   0.0515   0.0087  -0.0582   0.0561  -0.0455   0.1147  -0.0335   0.0654  -0.0606   0.0566  -0.1061   0.1023  -0.1194  -0.0712  -0.0331   0.0936   0.1305   0.1051   0.1064   1.0000   0.0553  -0.0962   0.0027 
User 47:  -0.0070   0.0294   0.0016   0.0057   0.0236  -0.0058   0.0134  -0.1021   0.0205   0.0023   0.0488  -0.0585   0.0083   0.0293   0.0240  -0.1162  -0.0086   0.0729   0.0649  -0.0303   0.0106  -0.0506  -0.0734  -0.1625  -0.0003   0.0320  -0.0214  -0.1219   0.0166  -0.0219  -0.0624  -0.0264   0.0796  -0.0293  -0.0551   0.0562  -0.0266   0.0197  -0.0161   0.0064   0.0703  -0.0150   0.0549   0.0514  -0.0232   0.0643   0.0553   1.0000  -0.0175  -0.0485 
User 48:   0.0343  -0.0173   0.1311   0.0076   0.1280   0.0253  -0.0863  -0.1019   0.1243  -0.0105  -0.0553   0.0845   0.0128  -0.0032  -0.0853  -0.0910  -0.0593  -0.0661   0.0121   0.0255   0.0258   0.0465   0.0207   0.1277   0.0657  -0.0433  -0.0684  -0.0190  -0.0269  -0.0034   0.0243   0.0131   0.0091   0.0502   0.0239   0.0879   0.1083  -0.0020  -0.1296   0.0302   0.0144  -0.0188  -0.0679  -0.0904  -0.0977   0.0781  -0.0962  -0.0175   1.0000   0.0791 
User 49:  -0.0544  -0.0352   0.0536  -0.0512   0.0195  -0.0847  -0.0240   0.0193   0.0206  -0.1060  -0.0320   0.0024  -0.0597   0.1000   0.0044  -0.0665   0.1040  -0.0496   0.0434   0.0593  -0.0508  -0.0824  -0.0316  -0.0056   0.0032  -0.0990  -0.0479   0.0460   0.0539  -0.0222   0.0109  -0.0788  -0.0635   0.0363  -0.0800  -0.0684   0.0564  -0.0710  -0.0282  -0.0604   0.1044   0.1058  -0.0820  -0.1064   0.1092  -0.1189   0.0027  -0.0485   0.0791   1.0000 

╔════════════════════════════════════════╗
║        CHOSEN NEIGHBORS PER USER       ║
╚════════════════════════════════════════╝
User 0: [ 27, 9, 33, 42, 14 ]
User 1: [ 19, 2, 23, 4, 21 ]
User 2: [ 11, 1, 14, 48, 21 ]
User 3: [ 23, 43, 34, 31, 28 ]
User 4: [ 25, 1, 48, 32, 17 ]
User 5: [ 22, 37, 9, 35, 18 ]
User 6: [ 44, 38, 9, 30, 19 ]
User 7: [ 13, 6, 32, 10, 46 ]
User 8: [ 23, 35, 48, 39, 38 ]
User 9: [ 0, 34, 5, 11, 37 ]
User 10: [ 11, 16, 35, 46, 17 ]
User 11: [ 10, 48, 2, 46, 9 ]
User 12: [ 30, 21, 40, 27, 18 ]
User 13: [ 7, 41, 19, 18, 49 ]
User 14: [ 0, 30, 2, 40, 23 ]
User 15: [ 40, 44, 23, 45, 17 ]
User 16: [ 10, 46, 22, 42, 49 ]
User 17: [ 47, 1, 10, 15, 4 ]
User 18: [ 37, 12, 13, 5, 25 ]
User 19: [ 37, 1, 13, 26, 42 ]
User 20: [ 29, 39, 2, 3, 22 ]
User 21: [ 9, 1, 2, 45, 12 ]
User 22: [ 16, 37, 34, 29, 32 ]
User 23: [ 37, 1, 15, 3, 48 ]
User 24: [ 21, 32, 2, 3, 31 ]
User 25: [ 42, 1, 18, 26, 4 ]
User 26: [ 25, 36, 34, 3, 19 ]
User 27: [ 0, 32, 28, 3, 12 ]
User 28: [ 27, 41, 42, 3, 23 ]
User 29: [ 20, 27, 38, 39, 36 ]
User 30: [ 12, 44, 14, 9, 6 ]
User 31: [ 38, 24, 40, 3, 29 ]
User 32: [ 27, 45, 24, 46, 4 ]
User 33: [ 0, 36, 8, 48, 35 ]
User 34: [ 23, 9, 26, 3, 22 ]
User 35: [ 48, 8, 10, 38, 5 ]
User 36: [ 48, 26, 35, 33, 29 ]
User 37: [ 19, 18, 22, 23, 9 ]
User 38: [ 8, 29, 39, 35, 31 ]
User 39: [ 29, 20, 34, 8, 38 ]
User 40: [ 12, 15, 2, 31, 49 ]
User 41: [ 13, 49, 28, 34, 32 ]
User 42: [ 0, 46, 25, 19, 16 ]
User 43: [ 30, 1, 46, 3, 4 ]
User 44: [ 46, 30, 15, 6, 49 ]
User 45: [ 32, 46, 21, 15, 48 ]
User 46: [ 7, 10, 43, 32, 16 ]
User 47: [ 45, 32, 18, 40, 17 ]
User 48: [ 23, 36, 2, 8, 4 ]
User 49: [ 13, 44, 41, 16, 40 ]

╔════════════════════════════════════════╗
║      MATRIX WITH PREDICTED RATINGS     ║
╚════════════════════════════════════════╝
User 0:   3.98   1.59   4.65   4.22   1.81   2.97   4.29   4.83   3.41   0.66   2.03   3.95   4.45   3.93   2.28   0.86   2.93   4.52   2.14   0.77   2.06   3.12   3.37   1.23   1.08   4.01   4.76   0.99   2.97   1.93   2.37   4.64   0.45   3.52   0.30   0.62   3.54   3.01   1.99   2.73   4.99   3.73   2.11   0.88   2.79   4.42   0.59   3.07   3.75   2.09   2.22   0.72   0.49   2.56   0.41   1.83   3.04   2.60   2.06   4.52   1.52   0.89   2.08   0.94   0.38   4.30   1.81   4.57   1.12   2.46   2.58   3.68   2.99   4.50   0.06   3.30   3.18   3.50   4.27   1.91   0.87   3.52   4.01   2.16   1.27   1.84   3.77   4.18   0.59   3.90   0.26   1.23   2.07   4.08   0.11   1.82   3.18   4.30   4.89   2.18   2.70   1.75   1.78   1.92   2.51   2.87   1.25   4.53   0.13   0.09   3.50   2.90   2.30   3.55   3.79   0.03   0.52   1.73   1.05   0.82   2.41   3.20   1.29   4.72   3.57   3.31   4.66   4.22   2.50   4.75   0.51   2.21   4.27   4.67   4.91   0.83   1.49   0.61   2.22   1.54   1.81   3.23   3.63   1.42   4.91   2.73   1.21   4.17   3.50   1.59   3.41   0.97   4.12   2.97   1.47   1.90   2.68   2.81   0.35   4.58   2.63   3.45   0.91   2.44   1.41   3.35   2.95   2.27   1.75   3.48   3.92   0.35   4.04   4.64   0.33   3.42   3.55   4.54   2.78   1.59   2.22   2.19   1.43   2.47   0.38   1.41   1.00   4.28   1.45   4.53   1.38   4.71   1.15   3.38   4.26   3.27   1.25   4.91   4.34   2.88   0.94   1.10   3.67   3.13   0.23   4.33   0.66   1.18   0.58   1.29   1.60   4.66   4.70   2.76   0.95   1.57   2.54   4.94   1.18   3.64   2.99   4.79   0.03   4.38   2.70   0.05   2.31   1.11   0.59   2.22   2.33   3.54   0.47   1.86   0.75   1.74   0.69   2.38   3.15   0.48   1.80   4.51   2.73   2.57   0.37   2.08   3.96   4.44   3.53   3.70 
User 1:   1.96   0.85   4.09   4.61   3.90   1.15   0.71   1.44   0.26   1.27   4.50   1.06   1.78   2.12   3.62   2.07   4.12   4.76   2.05   1.92   0.40   2.92   4.96   4.27   2.57   0.76   0.16   0.72   0.13   1.76   1.25   1.76   2.13   2.66   4.55   2.41   1.41   2.47   3.75   2.99   2.27   1.68   2.32   3.05   1.07   4.68   3.55   1.90   4.92   1.58   1.38   1.04   4.93   2.18   4.07   4.19   4.79   1.05   0.78   3.50   1.00   3.21   4.73   1.52   3.29   4.21   4.58   0.86   4.26   3.98   4.85   0.59   2.20   0.15   1.88   3.03   3.35   3.25   0.64   3.36   3.90   4.33   0.27   1.92   0.86   3.75   3.52   1.24   1.85   3.58   2.73   4.34   0.20   4.37   3.12   0.84   1.23   4.21   1.60   1.00   1.72   0.37   1.33   4.66   2.92   3.90   2.97   1.28   2.65   4.98   1.45   0.41   1.35   4.39   1.30   4.44   4.79   0.10   1.45   0.52   0.83   0.50   2.07   1.65   4.57   2.25   0.70   1.57   0.80   1.14   0.09   4.94   0.43   0.80   1.55   4.70   1.02   3.60   0.97   2.48   3.75   1.26   3.37   0.86   2.24   3.18   2.17   0.78   0.51   4.07   4.58   3.33   1.82   4.53   0.94   2.21   4.49   3.44   4.96   0.80   4.67   2.07   2.93   3.40   4.93   4.57   0.54   1.04   3.27   1.30   2.41   0.17   0.51   1.32   2.70   0.20   1.75   3.65   3.51   0.68   3.13   0.78   3.13   0.83   2.88   1.92   3.38   3.24   1.29   4.17   1.22   1.79   1.84   4.90   4.41   0.48   3.20   1.56   3.85   2.43   3.98   4.43   2.02   1.54   1.02   3.00   0.35   1.53   4.13   1.63   3.11   4.32   0.54   4.28   4.76   1.84   2.23   3.19   1.82   3.92   3.12   4.05   2.12   0.35   0.19   2.28   1.33   2.13   2.22   1.39   1.41   3.18   3.53   4.89   3.61   1.10   2.04   3.01   0.19   3.27   0.42   2.63   1.02   4.34   2.04   1.59   3.49   0.82   2.10   2.81 
User 2:   0.33   4.64   4.35   3.14   2.19   4.48   0.45   0.81   4.00   1.61   0.15   1.46   0.57   3.37   1.60   0.88   3.74   4.39   1.22   3.94   1.55   2.86   4.57   4.95   4.66   4.08   1.70   0.12   0.87   1.25   4.36   1.26   3.93   4.20   4.11   0.49   0.94   3.72   2.77   2.85   4.96   2.43   1.39   4.83   1.90   3.61   0.33   2.33   2.47   0.78   3.91   0.91   4.27   0.36   2.24   3.04   1.53   2.36   2.29   1.58   4.26   4.55   1.50   1.59   3.97   2.36   4.58   1.93   4.32   4.32   3.69   4.12   3.88   0.18   2.74   0.74   4.27   4.84   3.50   0.18   2.63   4.09   0.85   4.44   4.08   0.68   1.24   2.70   2.43   4.04   4.12   1.98   2.44   3.02   4.60   2.65   2.38   2.18   2.76   1.93   2.35   2.41   0.29   3.66   0.33   3.46   1.35   2.80   2.20   2.80   1.79   2.24   3.02   4.77   3.92   4.14   2.42   0.56   0.19   1.41   3.15   1.06   3.30   1.03   3.01   0.83   1.02   2.56   1.99   2.04   1.53   0.48   1.57   2.06   1.52   2.02   2.51   1.74   2.45   1.59   3.16   4.92   1.85   0.72   4.04   3.72   3.36   2.47   4.38   0.13   0.64   0.73   0.72   0.58   1.75   4.58   1.14   2.95   2.25   2.42   0.64   0.52   4.50   1.53   2.96   4.32   1.38   0.26   1.80   3.09   4.54   2.07   4.43   3.29   4.32   1.35   2.59   0.53   0.10   1.40   3.54   3.85   2.80   0.55   1.22   3.01   3.15   0.62   2.98   4.76   3.07   0.27   2.38   1.58   2.57   1.90   0.49   0.30   4.07   4.32   3.90   1.12   4.43   3.67   1.44   3.12   1.17   0.62   3.71   1.95   1.72   0.44   0.70   0.91   3.25   1.91   4.17   4.89   3.48   1.08   1.60   3.87   4.51   3.41   4.62   4.41   0.18   1.38   4.44   4.62   0.37   0.28   0.68   4.42   0.50   2.97   1.57   3.25   4.09   0.94   0.78   3.48   2.84   4.50   3.15   0.27   4.80   1.91   1.49   2.84 
User 3:   2.25   4.37   1.55   2.74   2.83   3.68   4.68   0.69   0.22   3.55   0.25   2.17   0.07   1.25   1.17   4.10   4.67   1.64   3.58   2.59   1.07   3.46   0.24   1.47   1.62   3.57   4.73   2.65   4.67   3.31   1.33   3.35   3.42   4.45   3.28   0.30   0.21   2.81   3.90   0.90   4.96   1.43   1.65   2.15   0.20   3.87   3.03   2.36   4.03   2.82   1.38   3.01   1.28   0.20   0.33   3.13   4.75   0.04   3.25   2.75   4.96   1.32   2.76   2.46   0.05   3.17   3.87   3.01   3.12   1.15   4.66   1.62   2.88   2.49   4.67   1.04   1.26   4.16   1.64   1.90   4.80   3.04   1.22   4.15   0.56   2.58   4.30   2.84   4.58   3.18   4.42   0.60   1.14   2.12   1.64   2.39   4.01   4.56   1.34   3.05   3.02   2.64   1.69   0.42   3.28   4.42   3.75   4.33   1.07   1.39   0.27   0.09   1.67   0.98   0.28   0.76   2.74   4.28   4.63   3.23   0.30   4.75   4.90   1.88   4.47   0.72   0.88   1.16   3.46   2.95   2.69   0.78   2.39   4.92   1.81   2.10   1.01   2.88   3.84   2.04   2.19   1.43   3.03   1.00   1.89   3.82   0.85   1.72   2.84   4.19   1.54   2.00   4.14   3.25   0.34   3.67   2.60   0.75   3.11   3.78   4.78   1.75   0.46   4.56   2.83   4.11   0.33   2.07   0.36   3.96   4.99   4.62   4.97   4.66   2.25   1.38   0.50   4.07   3.88   3.73   2.26   2.04   3.14   2.15   3.71   4.73   2.06   2.73   1.33   0.83   0.63   4.20   0.23   3.67   2.34   2.71   2.10   0.66   0.19   0.59   0.78   3.94   1.53   1.02   0.49   1.26   1.30   1.09   4.89   3.45   0.31   0.52   1.80   3.23   1.57   3.00   3.14   1.20   4.31   1.58   4.05   1.79   2.25   3.63   1.09   3.98   4.26   3.61   0.93   3.23   0.75   4.89   2.92   4.71   1.22   0.27   3.35   2.68   3.36   3.34   4.74   3.80   2.11   3.32   2.35   3.45   4.42   0.47   4.22   2.40 
User 4:   2.37   0.25   3.67   3.25   3.98   3.62   0.08   2.03   3.90   2.01   4.88   1.68   4.79   1.06   3.14   1.98   2.53   0.63   2.66   0.84   4.05   2.67   0.78   3.24   2.09   0.35   4.30   2.27   1.92   3.85   3.31   3.75   0.53   0.99   2.94   1.38   3.05   0.27   3.81   1.60   4.22   3.58   2.37   3.45   1.50   3.12   3.66   0.08   2.10   0.59   3.83   3.77   4.92   3.49   0.92   1.32   4.76   0.12   2.45   3.59   2.38   3.25   0.42   4.31   1.60   4.78   4.06   2.88   1.04   3.37   0.14   1.80   4.16   2.18   3.27   1.45   3.48   1.54   0.42   1.26   4.86   0.98   1.17   2.97   4.66   2.97   1.28   4.48   3.41   2.75   3.62   1.03   0.68   0.01   3.15   0.16   3.03   3.25   1.21   3.36   0.94   1.92   2.40   2.92   1.70   1.74   1.91   2.73   1.89   2.75   2.44   1.00   4.07   0.47   0.03   4.72   1.77   0.34   4.00   0.62   4.26   0.84   2.51   2.47   3.75   1.50   3.39   0.07   2.10   1.45   4.45   1.43   0.97   3.35   2.91   2.35   3.94   3.84   1.44   0.34   0.06   0.63   1.95   4.60   2.56   0.95   1.98   2.70   4.67   3.40   4.43   2.59   3.00   3.59   2.25   0.10   0.78   3.47   3.68   0.58   4.38   2.69   3.32   2.61   4.47   1.76   4.53   3.08   1.22   4.08   1.79   2.17   1.87   1.29   1.28   4.53   1.18   3.73   0.66   2.84   0.15   2.99   4.43   2.88   2.40   2.26   3.14   4.80   0.61   0.75   1.73   3.08   2.67   2.85   2.88   3.57   0.76   0.46   4.41   3.59   0.66   3.90   2.24   4.80   4.51   4.84   1.99   4.09   1.40   2.55   2.26   3.67   0.40   4.02   4.96   3.00   3.90   1.79   2.97   3.99   1.36   2.54   3.76   2.67   1.14   1.82   4.02   2.42   0.67   2.15   0.62   1.75   2.99   3.46   0.59   1.49   2.07   2.14   4.36   3.40   2.71   3.92   3.17   1.33   4.34   1.07   3.23   0.53   1.38   4.79 
